PARSEC Optimized Airfoil
1.000000 0.010325
0.999889 0.010321
0.999556 0.010308
0.999000 0.010288
0.998223 0.010263
0.997224 0.010235
0.996004 0.010206
0.994564 0.010182
0.992904 0.010165
0.991025 0.010161
0.988927 0.010175
0.986612 0.010211
0.984081 0.010277
0.981335 0.010377
0.978374 0.010518
0.975201 0.010706
0.971817 0.010947
0.968223 0.011247
0.964421 0.011611
0.960412 0.012045
0.956199 0.012554
0.951783 0.013141
0.947166 0.013812
0.942351 0.014569
0.937338 0.015415
0.932132 0.016353
0.926733 0.017382
0.921144 0.018505
0.915368 0.019719
0.909408 0.021026
0.903266 0.022422
0.896944 0.023904
0.890446 0.025470
0.883774 0.027115
0.876932 0.028835
0.869922 0.030623
0.862748 0.032473
0.855412 0.034379
0.847919 0.036333
0.840270 0.038328
0.832471 0.040356
0.824524 0.042408
0.816432 0.044476
0.808200 0.046551
0.799831 0.048626
0.791328 0.050690
0.782696 0.052736
0.773938 0.054756
0.765059 0.056743
0.756062 0.058687
0.746951 0.060584
0.737730 0.062426
0.728403 0.064207
0.718975 0.065922
0.709450 0.067567
0.699831 0.069137
0.690124 0.070630
0.680332 0.072042
0.670460 0.073373
0.660512 0.074621
0.650493 0.075785
0.640406 0.076867
0.630258 0.077866
0.620051 0.078785
0.609792 0.079625
0.599483 0.080389
0.589130 0.081081
0.578738 0.081703
0.568310 0.082259
0.557853 0.082754
0.547369 0.083191
0.536864 0.083575
0.526343 0.083910
0.515811 0.084201
0.505271 0.084450
0.494729 0.084663
0.484189 0.084844
0.473657 0.084994
0.463136 0.085119
0.452631 0.085219
0.442147 0.085298
0.431690 0.085357
0.421262 0.085398
0.410870 0.085420
0.400517 0.085425
0.390208 0.085412
0.379949 0.085381
0.369742 0.085329
0.359594 0.085256
0.349507 0.085158
0.339488 0.085034
0.329540 0.084880
0.319668 0.084694
0.309876 0.084470
0.300169 0.084206
0.290550 0.083898
0.281025 0.083542
0.271597 0.083134
0.262270 0.082669
0.253049 0.082145
0.243938 0.081557
0.234941 0.080901
0.226062 0.080176
0.217304 0.079379
0.208672 0.078506
0.200169 0.077556
0.191800 0.076528
0.183568 0.075421
0.175476 0.074235
0.167529 0.072970
0.159730 0.071627
0.152081 0.070208
0.144588 0.068713
0.137252 0.067147
0.130078 0.065512
0.123068 0.063812
0.116226 0.062051
0.109554 0.060234
0.103056 0.058364
0.096734 0.056449
0.090592 0.054492
0.084632 0.052501
0.078856 0.050480
0.073267 0.048435
0.067868 0.046373
0.062662 0.044300
0.057649 0.042220
0.052834 0.040140
0.048217 0.038065
0.043801 0.036000
0.039588 0.033949
0.035579 0.031917
0.031777 0.029906
0.028183 0.027921
0.024799 0.025964
0.021626 0.024036
0.018665 0.022140
0.015919 0.020276
0.013388 0.018445
0.011073 0.016646
0.008975 0.014878
0.007096 0.013141
0.005436 0.011431
0.003996 0.009747
0.002776 0.008086
0.001777 0.006444
0.001000 0.004819
0.000444 0.003205
0.000111 0.001601
0.000000 0.000000
0.000111 -0.001597
0.000444 -0.003178
0.001000 -0.004726
0.001777 -0.006225
0.002776 -0.007660
0.003996 -0.009015
0.005436 -0.010279
0.007096 -0.011436
0.008975 -0.012476
0.011073 -0.013389
0.013388 -0.014165
0.015919 -0.014798
0.018665 -0.015280
0.021626 -0.015608
0.024799 -0.015779
0.028183 -0.015793
0.031777 -0.015650
0.035579 -0.015353
0.039588 -0.014905
0.043801 -0.014313
0.048217 -0.013585
0.052834 -0.012728
0.057649 -0.011752
0.062662 -0.010670
0.067868 -0.009493
0.073267 -0.008235
0.078856 -0.006909
0.084632 -0.005531
0.090592 -0.004115
0.096734 -0.002678
0.103056 -0.001234
0.109554 0.000201
0.116226 0.001612
0.123068 0.002984
0.130078 0.004302
0.137252 0.005553
0.144588 0.006725
0.152081 0.007806
0.159730 0.008785
0.167529 0.009652
0.175476 0.010401
0.183568 0.011023
0.191800 0.011515
0.200169 0.011873
0.208672 0.012093
0.217304 0.012176
0.226062 0.012123
0.234941 0.011936
0.243938 0.011618
0.253049 0.011176
0.262270 0.010615
0.271597 0.009943
0.281025 0.009169
0.290550 0.008304
0.300169 0.007357
0.309876 0.006340
0.319668 0.005266
0.329540 0.004146
0.339488 0.002995
0.349507 0.001824
0.359594 0.000646
0.369742 -0.000524
0.379949 -0.001675
0.390208 -0.002795
0.400517 -0.003872
0.410870 -0.004894
0.421262 -0.005852
0.431690 -0.006736
0.442147 -0.007538
0.452631 -0.008250
0.463136 -0.008866
0.473657 -0.009382
0.484189 -0.009793
0.494729 -0.010097
0.505271 -0.010291
0.515811 -0.010377
0.526343 -0.010354
0.536864 -0.010225
0.547369 -0.009993
0.557853 -0.009663
0.568310 -0.009238
0.578738 -0.008726
0.589130 -0.008133
0.599483 -0.007467
0.609792 -0.006736
0.620051 -0.005948
0.630258 -0.005112
0.640406 -0.004238
0.650493 -0.003335
0.660512 -0.002412
0.670460 -0.001479
0.680332 -0.000545
0.690124 0.000382
0.699831 0.001293
0.709450 0.002179
0.718975 0.003033
0.728403 0.003849
0.737730 0.004621
0.746951 0.005341
0.756062 0.006007
0.765059 0.006614
0.773938 0.007159
0.782696 0.007638
0.791328 0.008052
0.799831 0.008399
0.808200 0.008678
0.816432 0.008892
0.824524 0.009040
0.832471 0.009125
0.840270 0.009151
0.847919 0.009119
0.855412 0.009033
0.862748 0.008898
0.869922 0.008718
0.876932 0.008497
0.883774 0.008240
0.890446 0.007952
0.896944 0.007638
0.903266 0.007303
0.909408 0.006952
0.915368 0.006588
0.921144 0.006218
0.926733 0.005844
0.932132 0.005471
0.937338 0.005102
0.942351 0.004741
0.947166 0.004390
0.951783 0.004053
0.956199 0.003730
0.960412 0.003424
0.964421 0.003136
0.968223 0.002867
0.971817 0.002618
0.975201 0.002388
0.978374 0.002179
0.981335 0.001989
0.984081 0.001819
0.986612 0.001667
0.988927 0.001532
0.991025 0.001415
0.992904 0.001313
0.994564 0.001227
0.996004 0.001154
0.997224 0.001094
0.998223 0.001046
0.999000 0.001010
0.999556 0.000984
0.999889 0.000969
1.000000 0.000964
