PARSEC Optimized Airfoil
1.000000 -0.032137
0.999889 -0.032147
0.999556 -0.032175
0.999000 -0.032219
0.998223 -0.032270
0.997224 -0.032321
0.996004 -0.032362
0.994564 -0.032379
0.992904 -0.032357
0.991025 -0.032281
0.988927 -0.032133
0.986612 -0.031894
0.984081 -0.031546
0.981335 -0.031069
0.978374 -0.030444
0.975201 -0.029651
0.971817 -0.028672
0.968223 -0.027490
0.964421 -0.026088
0.960412 -0.024453
0.956199 -0.022571
0.951783 -0.020433
0.947166 -0.018031
0.942351 -0.015360
0.937338 -0.012419
0.932132 -0.009206
0.926733 -0.005727
0.921144 -0.001989
0.915368 0.001999
0.909408 0.006223
0.903266 0.010668
0.896944 0.015315
0.890446 0.020142
0.883774 0.025126
0.876932 0.030239
0.869922 0.035456
0.862748 0.040745
0.855412 0.046077
0.847919 0.051420
0.840270 0.056743
0.832471 0.062012
0.824524 0.067197
0.816432 0.072268
0.808200 0.077193
0.799831 0.081946
0.791328 0.086500
0.782696 0.090832
0.773938 0.094920
0.765059 0.098746
0.756062 0.102295
0.746951 0.105556
0.737730 0.108519
0.728403 0.111181
0.718975 0.113540
0.709450 0.115601
0.699831 0.117369
0.690124 0.118857
0.680332 0.120077
0.670460 0.121047
0.660512 0.121789
0.650493 0.122325
0.640406 0.122684
0.630258 0.122893
0.620051 0.122983
0.609792 0.122987
0.599483 0.122937
0.589130 0.122868
0.578738 0.122814
0.568310 0.122809
0.557853 0.122885
0.547369 0.123076
0.536864 0.123410
0.526343 0.123916
0.515811 0.124621
0.505271 0.125545
0.494729 0.126709
0.484189 0.128129
0.473657 0.129816
0.463136 0.131779
0.452631 0.134021
0.442147 0.136541
0.431690 0.139334
0.421262 0.142391
0.410870 0.145699
0.400517 0.149237
0.390208 0.152986
0.379949 0.156918
0.369742 0.161003
0.359594 0.165210
0.349507 0.169500
0.339488 0.173837
0.329540 0.178180
0.319668 0.182485
0.309876 0.186710
0.300169 0.190811
0.290550 0.194744
0.281025 0.198464
0.271597 0.201929
0.262270 0.205097
0.253049 0.207929
0.243938 0.210387
0.234941 0.212438
0.226062 0.214050
0.217304 0.215196
0.208672 0.215852
0.200169 0.216000
0.191800 0.215625
0.183568 0.214716
0.175476 0.213269
0.167529 0.211284
0.159730 0.208765
0.152081 0.205721
0.144588 0.202167
0.137252 0.198121
0.130078 0.193607
0.123068 0.188651
0.116226 0.183285
0.109554 0.177542
0.103056 0.171459
0.096734 0.165075
0.090592 0.158433
0.084632 0.151575
0.078856 0.144545
0.073267 0.137387
0.067868 0.130145
0.062662 0.122864
0.057649 0.115585
0.052834 0.108349
0.048217 0.101195
0.043801 0.094159
0.039588 0.087274
0.035579 0.080569
0.031777 0.074072
0.028183 0.067803
0.024799 0.061781
0.021626 0.056019
0.018665 0.050527
0.015919 0.045308
0.013388 0.040363
0.011073 0.035687
0.008975 0.031272
0.007096 0.027104
0.005436 0.023167
0.003996 0.019441
0.002776 0.015902
0.001777 0.012522
0.001000 0.009274
0.000444 0.006126
0.000111 0.003046
0.000000 0.000000
0.000111 -0.003034
0.000444 -0.006029
0.001000 -0.008948
0.001777 -0.011754
0.002776 -0.014409
0.003996 -0.016881
0.005436 -0.019138
0.007096 -0.021150
0.008975 -0.022890
0.011073 -0.024336
0.013388 -0.025466
0.015919 -0.026266
0.018665 -0.026722
0.021626 -0.026826
0.024799 -0.026574
0.028183 -0.025964
0.031777 -0.025001
0.035579 -0.023692
0.039588 -0.022049
0.043801 -0.020087
0.048217 -0.017825
0.052834 -0.015283
0.057649 -0.012488
0.062662 -0.009467
0.067868 -0.006249
0.073267 -0.002866
0.078856 0.000648
0.084632 0.004260
0.090592 0.007935
0.096734 0.011637
0.103056 0.015332
0.109554 0.018986
0.116226 0.022565
0.123068 0.026037
0.130078 0.029374
0.137252 0.032547
0.144588 0.035531
0.152081 0.038304
0.159730 0.040847
0.167529 0.043143
0.175476 0.045181
0.183568 0.046951
0.191800 0.048448
0.200169 0.049671
0.208672 0.050621
0.217304 0.051305
0.226062 0.051730
0.234941 0.051910
0.243938 0.051860
0.253049 0.051598
0.262270 0.051146
0.271597 0.050526
0.281025 0.049764
0.290550 0.048886
0.300169 0.047922
0.309876 0.046898
0.319668 0.045846
0.329540 0.044793
0.339488 0.043770
0.349507 0.042803
0.359594 0.041921
0.369742 0.041149
0.379949 0.040510
0.390208 0.040025
0.400517 0.039715
0.410870 0.039594
0.421262 0.039677
0.431690 0.039973
0.442147 0.040489
0.452631 0.041229
0.463136 0.042192
0.473657 0.043376
0.484189 0.044774
0.494729 0.046375
0.505271 0.048166
0.515811 0.050132
0.526343 0.052251
0.536864 0.054504
0.547369 0.056865
0.557853 0.059308
0.568310 0.061806
0.578738 0.064328
0.589130 0.066846
0.599483 0.069326
0.609792 0.071740
0.620051 0.074054
0.630258 0.076238
0.640406 0.078262
0.650493 0.080098
0.660512 0.081717
0.670460 0.083096
0.680332 0.084209
0.690124 0.085036
0.699831 0.085559
0.709450 0.085763
0.718975 0.085633
0.728403 0.085162
0.737730 0.084343
0.746951 0.083172
0.756062 0.081651
0.765059 0.079781
0.773938 0.077570
0.782696 0.075027
0.791328 0.072165
0.799831 0.068999
0.808200 0.065547
0.816432 0.061828
0.824524 0.057865
0.832471 0.053681
0.840270 0.049301
0.847919 0.044753
0.855412 0.040063
0.862748 0.035259
0.869922 0.030370
0.876932 0.025424
0.883774 0.020448
0.890446 0.015469
0.896944 0.010514
0.903266 0.005608
0.909408 0.000774
0.915368 -0.003965
0.921144 -0.008589
0.926733 -0.013079
0.932132 -0.017419
0.937338 -0.021594
0.942351 -0.025593
0.947166 -0.029404
0.951783 -0.033019
0.956199 -0.036434
0.960412 -0.039643
0.964421 -0.042644
0.968223 -0.045438
0.971817 -0.048026
0.975201 -0.050410
0.978374 -0.052595
0.981335 -0.054585
0.984081 -0.056387
0.986612 -0.058008
0.988927 -0.059455
0.991025 -0.060735
0.992904 -0.061855
0.994564 -0.062824
0.996004 -0.063648
0.997224 -0.064333
0.998223 -0.064886
0.999000 -0.065310
0.999556 -0.065610
0.999889 -0.065789
1.000000 -0.065849
